959
490 1.5361586792884e-05 0.99999537800023 -6.6340366861987e-06 -4.105550336142e-06
307 0.99999863824605 -5.3786838340422e-07 1.6500349688905e-06 2.4958736488667e-07
162 1 4.0469739849078e-15 -1.0391809721654e-14 6.4392935428259e-15
179 -1.9207403694973e-06 1.0000010489182 4.8834171182879e-07 3.834804793712e-07
34 -0 0 1 0
307 2.1375034226635e-05 -1.7511538032185e-05 1.0000033880908 -7.2515869555811e-06
18 -1.1157602776011e-05 0.9999825137586 2.3700880128189e-05 4.942964051291e-06
217 -0 -0 1 0
96 -8.2695923424931e-17 -5.9484837646778e-16 -2.9451279224654e-15 1
33 9.7495760867701e-08 -2.1345055188341e-07 1.0000000415558 7.4399005067782e-08
35 -0 1 -0 0
154 0.99999415207558 8.0291640678307e-06 1.2273148718189e-06 -3.4085545195239e-06
622 -0 0 -0 1
353 0.99999474353685 -5.5650062810807e-06 -1.169997080087e-05 2.2521440227186e-05
202 -5.6288888827348e-06 -5.5529174931101e-06 1.000004572699 6.609107374822e-06
157 1.0000011585765 -1.0407755572754e-05 8.7045147828044e-06 5.446642427076e-07
43 -4.3310453247693e-06 -7.2701048448331e-06 1.0000093222601 2.2788901092863e-06
92 -7.090361659589e-06 2.6969895844802e-07 1.986775190073e-05 0.9999869529108
107 1.0000118209745 -2.384164331177e-05 2.0411172610282e-05 -8.3905038081866e-06
202 0.99999999999999 3.8042451984597e-15 3.100561515011e-15 -6.6613381477509e-16
98 5.8463414993035e-06 -7.6442421449285e-06 -1.1788388993921e-05 1.0000135862896
687 8.2775175378142e-06 0.9999902000374 -5.9803006187574e-06 7.5027456781784e-06
52 1.0000079458676 -1.6029651190273e-05 5.8219141259988e-06 2.2618694413001e-06
297 2.4502920607615e-05 0.99996882165153 3.7223180436565e-06 2.9531098164615e-06
710 -1.6856871212508e-07 5.8098183602822e-08 1.0000000450897 6.5380877378729e-08
304 -6.0874129735239e-16 2.7303388338045e-15 1 2.5535129566379e-15
564 -1.2297641760396e-06 1.0000016845144 -1.4467240574594e-07 -3.1007779588421e-07
21 -1.3088690732424e-06 8.9545490833895e-07 1.000000506667 -9.325280636574e-08
410 0 0 1 1.1102230246252e-16
154 -5.8479244189744e-06 8.0291640665855e-06 1.0000012273149 -3.4085545210782e-06
323 9.3950533470787e-06 4.8075121676757e-06 -8.2921161492781e-06 0.99999408955063
35 0.99999560707505 3.9797665149693e-06 -8.6418233408985e-06 9.0549817793883e-06
305 1.0000099102262 7.2062292070978e-06 -1.417451825561e-05 -2.9419371392336e-06
87 -1.7208812563494e-05 1.0806513850408e-05 1.0000164112519 -1.0008953196694e-05
314 -1.0995872156002e-05 -9.0998628213314e-06 1.2400741472893e-05 1.0000076949935
521 1 -1.0486375267245e-15 2.4898200359301e-15 3.3306690738755e-16
689 -9.5124181443845e-06 9.1448299423558e-06 1.000007007572 -6.6399837865827e-06
279 -1.381507110629e-05 5.3526437921308e-06 1.0000030123994 5.4500278766634e-06
50 2.5458982629627e-06 1.000000525587 -1.5300060206907e-05 1.2228574900575e-05
373 0.99998924021454 -3.4166166886764e-06 2.0775161255984e-05 -6.5987591100214e-06
295 0.99999301035744 -7.8977894256799e-08 -2.8108516713445e-06 9.8794721250517e-06
87 1.0000172088126 -1.0806513850842e-05 -1.6411251906551e-05 1.0008953194474e-05
268 -5.5270772727888e-07 -1.7865870376165e-05 1.0000011762437 1.724233444611e-05
364 1.0478615793676e-05 0.99998419873645 -5.4389874451768e-06 1.0761635204415e-05
0 8.7641357253853e-06 0.99998618270017 5.9292627397707e-06 -8.7609863652638e-07
201 1.0000094055152 -1.9760787960596e-05 4.5854252969197e-06 5.7698474661416e-06
26 1 4.2197097621965e-16 -1.9971205162668e-15 1.1102230246252e-15
148 1.4642536457827e-15 1.524976969684e-15 1 -8.8817841970013e-16
29 6.7431841240287e-06 1.000009466542 -2.3061939549395e-05 6.8522134437643e-06
26 1.6757359357534e-05 -4.0635841767488e-06 0.99999332641094 -6.0201861189491e-06
29 1.0000076718437 8.1948465022721e-06 -2.3158140157612e-05 7.2914499481547e-06
415 -1.8726240784437e-06 1.5511696003009e-06 -2.3343359627096e-06 1.0000026557904
610 1.0000114063422 2.3552057906095e-06 -1.5655487457179e-05 1.8939394942352e-06
265 1 0 -0 -2.2204460492503e-16
352 0.99999769426442 1.5565721050874e-06 2.0225048085926e-07 5.4691299222753e-07
310 -1.8242256816311e-06 1.0000007374006 2.1740203887438e-06 -1.0871953455283e-06
33 1.2609946328392e-05 0.99999525722786 -2.5743606635334e-05 1.7876432450992e-05
29 -6.6140699285827e-06 -7.6994139964883e-06 1.0000224009786 -8.0874946684073e-06
203 1.0000060309593 -2.3894997372421e-05 1.5905405551322e-05 1.958632542931e-06
698 1.0000015606 1.0176817086688e-07 -1.0681468760397e-06 -5.9422126996722e-07
149 4.954190781277e-07 -1.2893321081283e-06 1.0000008294768 -3.5563805678152e-08
13 0.99998735805419 2.1587601852506e-05 -2.3371013235301e-06 -6.6085547183459e-06
74 -3.5809125250732e-06 1.2909508509682e-05 -1.4705531625355e-05 1.0000053769356
201 -9.9013216306771e-06 1.000018293296 -1.8836002930669e-06 -6.5083740492522e-06
50 3.2396598680025e-06 1.9539402168238e-06 0.99998322435254 1.1582047373282e-05
50 0.99999829101006 -2.3521298157895e-06 1.536395734278e-05 -1.1302837590987e-05
219 1.5072236470211e-06 0.99999814910119 6.498736827597e-07 -3.0619852453562e-07
157 -1.0056170573545e-14 -1.2090392683973e-15 4.4140101177802e-15 1
102 1 4.1006349325747e-15 -1.1887600299728e-14 2.7755575615629e-15
102 1.0668975847953e-05 0.99999213336292 3.1980585293398e-07 -3.1221446221696e-06
311 -7.5032955497746e-06 -9.7163342834839e-06 1.0000257133012 -8.4936713868888e-06
115 -1.740960564603e-05 1.000018868836 9.0672259991532e-06 -1.052645635724e-05
162 -1.969689677991e-05 7.2040803982417e-06 0.99998499112077 2.7501695613608e-05
51 0.99999257352523 -5.3029777898545e-06 -1.3983396771913e-07 1.286928652533e-05
857 4.9306021394997e-06 -1.0138607005836e-05 -1.5119081222883e-06 1.000006719913
406 -3.8722699527221e-06 1.0000020738541 1.8978348085251e-06 -9.9418943522167e-08
202 1.6260868801897e-05 0.9999904817793 -7.7576042687413e-06 1.014956165557e-06
18 0.99999782530565 -9.1059804089146e-06 2.0572109354208e-05 -9.2914345926065e-06
106 -7.4587907542827e-06 -4.8354066554315e-06 1.8300212237978e-05 0.99999399398517
409 1.8945519114785e-15 3.7479497019382e-17 1 7.7715611723761e-16
104 -0 0 1 0
201 -0 0 1 0
2 1.0000001874208 -4.1025050276238e-08 -9.3699242475548e-08 -5.2696507824024e-08
474 1.067566711354e-06 -2.7223925486009e-06 1.0000009326632 7.2216263724556e-07
474 2.443332904706e-15 1 -1.7342285406466e-15 2.2204460492503e-16
364 -1.0478615793676e-05 1.5801263552518e-05 1.0000054389874 -1.0761635203638e-05
1150 1.0000172478099 5.4935610031181e-06 -1.2700119413725e-05 -1.0041251534476e-05
26 -0 1 -0 0
5 1 -6.5255035157615e-16 1.6173975620588e-15 7.7715611723761e-16
255 0.99996058536443 -8.5186196546898e-06 3.6936325932758e-05 1.0996929290408e-05
102 -0 -0 -0 1
171 1 0 -0 1.1102230246252e-16
75 1 0 -0 2.2204460492503e-16
35 -4.8827845078189e-06 1.9326557054298e-05 6.6409610275944e-07 0.99998489213135
503 -1.0704607722309e-06 -3.3059176254474e-07 1.0000012839102 1.1714237546645e-07
35 -0 0 1 0
302 0.99999227066226 -1.4742717725588e-06 1.0037971616695e-05 -8.343621067386e-07
13 -7.6118889265138e-06 1.0000068129779 6.0766420209242e-06 -5.2777309680341e-06
352 4.7656840679092e-06 1.0000047863855 8.6978631074251e-06 -1.8249932657755e-05
107 -2.0595861991221e-05 1.0000282613366 -1.4756865692721e-05 7.091391128311e-06
79 5.2351423326993e-06 -2.4735731124607e-06 1.0000046659089 -7.42747816318e-06
203 6.0309592892282e-06 0.99997610500261 1.5905405564615e-05 1.9586325331611e-06
569 -0 0 1 -2.2204460492503e-16
91 -6.7522249901478e-06 1.9869753910439e-05 0.9999934724175 -6.5899464203323e-06
187 -9.1457540182084e-06 1.0269070083236e-05 0.99999879564616 8.1037770383041e-08
0 -8.7641357244546e-06 1.3817299829787e-05 0.99999407073726 8.7609863730354e-07
0 1.0000062932729 4.034803589195e-06 -4.8369107526071e-06 -5.4911657068057e-06
32 1 0 -0 -2.2204460492503e-16
185 0.99999882251915 7.9659922997311e-07 5.8626228276405e-08 3.2225539414732e-07
27 -8.6878389382015e-07 0.9999998833085 1.1724922226051e-06 -1.8701682447109e-07
286 -4.3120790748291e-06 -8.0798862021843e-06 1.0000144192986 -2.0273333010135e-06
196 1 2.2686570728863e-15 -2.4807738338175e-16 2.1094237467878e-15
9 -1.6866689612424e-06 1.0181645043287e-06 5.8450399132385e-07 1.0000000840005
208 -3.8673974398075e-15 1 1.632343105218e-15 2.2204460492503e-16
54 -0 -0 1 -4.4408920985006e-16
54 0.99999974448875 -4.932951968252e-07 1.0372500282514e-06 -2.884435830186e-07
1004 1 0 0 -2.2204460492503e-16
346 2.0201340127235e-05 6.7084679440768e-05 0.9999397989557 -2.7084975265934e-05
312 0.99998019158668 7.642966344023e-06 1.5442632035268e-05 -3.2771850599911e-06
194 0.99999563521713 -4.0456972352111e-07 1.5216416031623e-05 -1.0447063442109e-05
1209 1.0000005200964 8.4333627094478e-07 -1.6969443663469e-06 3.3351173245322e-07
220 2.7013667152172e-06 1.0000012421137 -2.2930731653791e-06 -1.6504072501977e-06
205 4.5794372909116e-15 -2.0577489183404e-15 1 -2.2204460492503e-16
65 0.9999988959147 -5.5444949201685e-06 5.8259172601722e-06 8.2266295953204e-07
1003 -2.8804076826552e-06 7.199317126173e-06 0.99999170000726 3.9810832981324e-06
127 2.9634600802002e-08 -7.2416339353765e-07 1.0000009764615 -2.8193272605392e-07
791 -1.6496193290335e-06 1.0000009828979 4.1540540473924e-07 2.5131597991557e-07
13 -8.6386298764713e-06 7.2581630031374e-06 1.0000062866451 -4.9061782187998e-06
250 1.0000076542284 -1.81737775092e-05 9.1646909102884e-06 1.354858207403e-06
187 -8.072317889897e-06 0.99999871868074 1.2594383935052e-06 8.094198757358e-06
134 9.8478514205922e-06 1.0000083347516 -2.402310144772e-05 5.8404984488725e-06
287 0.99998809861185 1.867931990111e-05 -2.247292360881e-05 1.5694991854942e-05
98 -6.7775394274547e-06 1.0000087190794 1.0644490697159e-05 -1.2586030652795e-05
84 1 0 0 -2.2204460492503e-16
105 -1.4879465038399e-07 -1.437831990458e-05 2.6787884520953e-06 1.0000118483261
74 0.99998357867522 -3.0454287862235e-06 -1.0772638538045e-05 3.0239392103226e-05
84 -1.6590994787525e-05 6.9046356388972e-06 0.99998554627226 2.4140086891222e-05
346 1.0000126029528 1.6994318749236e-05 -1.6471996532547e-05 -1.3125275047265e-05
216 1.7635799453792e-05 6.9179514205451e-06 -1.6793919963495e-05 0.99999224016909
86 -0 1 -0 -2.2204460492503e-16
6 0.99999002827347 -2.2051349750329e-05 2.1943179181695e-05 1.0079897103221e-05
6 -1.2507250526432e-05 -1.7995640417833e-05 1.0000259906014 4.5122895117045e-06
492 0.99999996576933 -1.1661808241018e-08 8.1489493519035e-07 -7.6900245282729e-07
393 1.4380606091217e-15 1.2546426262512e-15 1 -1.5543122344752e-15
209 -2.9879548528618e-07 4.3530533575558e-07 1.0000012873442 -1.4238540122502e-06
143 3.7829247760987e-06 -1.6186043895788e-05 1.0000074684033 4.9347157772273e-06
16 1.0000071310015 -7.1688114137581e-06 7.4689383958049e-07 -7.090839602153e-07
254 -2.0889873015786e-05 -3.1187219702023e-05 1.0000337484225 1.8328670201684e-05
121 -9.0529999808892e-06 1.0000059480607 8.6185828810523e-06 -5.5136436176717e-06
285 -1.3222374506574e-05 1.2111050749335e-05 -8.902221365024e-06 1.0000100135451
387 0.99998127929247 1.9857365920895e-05 3.2400527064835e-05 -3.3537185455623e-05
334 1.4217610229728e-15 1 -3.638077976643e-15 1.1102230246252e-16
247 -1.1831457219495e-05 -9.5176396532791e-06 1.0000068605408 1.4488556083769e-05
113 -0 -0 1 0
462 -3.2713841762887e-06 1.0000156629039 -5.8035384228069e-06 -6.5879813180292e-06
769 0.99997830073487 3.462050781213e-05 -1.996923038261e-05 7.0479876963514e-06
750 -2.0354903882674e-14 1 9.8734457216159e-15 -3.5527136788005e-15
101 -0 0 -0 1
57 1.0000204012494 3.8227266450906e-06 -2.1859921863e-05 -2.3640542206049e-06
168 -8.4006329746897e-06 8.3199593908935e-06 1.0000006770798 -5.9640621619117e-07
90 -0 0 1 0
206 1 0 -0 0
753 -5.5410426007612e-07 1.5020116772882e-06 0.99999896786006 8.4232519070859e-08
77 1.4851807768596e-05 -3.5909380348922e-06 0.99998501547733 3.7236529328855e-06
281 -1.5613034779425e-06 2.4358744243784e-07 1.0000010522426 2.6547343512373e-07
187 0.99997854125256 3.642492645656e-06 1.5844156900014e-05 1.9720978958748e-06
72 1.6682811200649e-08 1.0000030523795 -1.9869882452207e-06 -1.0820740323769e-06
19 1.0000010780904 -9.6537827885656e-07 -8.0933177189702e-07 6.9661964785528e-07
118 -5.8306009998351e-06 9.415643338055e-06 0.99999625690813 1.580495271325e-07
225 2.3636321198579e-05 0.99997401359745 1.0743016384453e-05 -8.3929350340739e-06
65 -1.1040852992639e-06 -5.5444949201685e-06 1.0000058259173 8.2266295953204e-07
74 -3.5809125232348e-06 1.0000129095085 -1.470553162749e-05 5.3769356407329e-06
133 2.2609274162264e-05 1.1094366514825e-05 0.99997839384624 -1.209748691311e-05
38 -3.7114647603309e-06 1.4393612659609e-06 1.8722400179169e-05 0.99998354970332
215 1.8834540587097e-06 1.0000086605814 -6.6091070024968e-06 -3.9349284266521e-06
215 -1.4285779708321e-05 1.4145040451616e-05 0.99999628374052 3.8569987323989e-06
9 0.99999930051542 1.268137565241e-06 -3.6099493887067e-07 -2.0765804675804e-07
274 1 0 -0 -2.2204460492503e-16
61 -1.5922734730788e-06 0.99999530783404 8.012322042112e-07 5.4832072329258e-06
70 -8.3722653953523e-16 -5.0783988845125e-16 1 -6.6613381477509e-16
105 1 5.4645808211238e-16 1.3205670753694e-15 -2.2204460492503e-15
105 8.6121712443829e-16 5.4645808211238e-16 1 -2.4424906541753e-15
51 -8.3995662193782e-06 7.4953868906764e-06 1.4212881262518e-05 0.99998669129807
577 6.6656182878395e-06 1.7775595608668e-05 -8.7447583539804e-06 0.99998430354446
268 5.5270772727888e-07 1.0000178658704 -1.1762436573254e-06 -1.7242334446221e-05
27 0.99999991312161 -1.1669150687809e-08 1.1724922236208e-07 -1.8701682424904e-08
137 0.99999679786475 -1.225294764546e-05 8.6933034289084e-06 6.7617794705654e-06
10 0 0 1 1.1102230246252e-16
76 -0 1 -0 0
285 -1.3658027248895e-05 9.0155724325355e-06 0.99999269999061 1.1942464207326e-05
747 -3.9471361106504e-06 3.9435428933986e-06 0.99998495755633 1.504603688296e-05
1272 1.0000063944938 1.2340556006321e-05 -3.9525549874141e-06 -1.4782494779819e-05
427 1.1443430935155e-05 -2.936795499985e-05 0.99997726693113 4.0657592931259e-05
141 -1.3230534061081e-05 -1.6495723800481e-05 1.0000201635135 9.5627443764679e-06
193 1 -9.0109633368693e-16 2.011058905188e-15 -6.6613381477509e-16
80 -7.9491445390952e-06 1.0000052178926 5.1683716369874e-06 -2.4371196811757e-06
131 -1.2807271037248e-05 -7.7973255418057e-07 1.000013427455 1.5954862175871e-07
166 -7.0507130218683e-06 1.000000710278 -5.5611444952605e-06 1.1901579501372e-05
184 7.8564478283511e-06 1.0000066108854 -1.7526053242273e-05 3.0587199795207e-06
23 0.99999406712766 9.1488993357822e-06 -5.04323986781e-06 1.8272128766705e-06
192 -1.0781667076135e-05 -8.7544259403072e-06 2.2143289803291e-05 0.99999739280321
133 1 -0 -0 2.2204460492503e-16
300 -2.6492848490736e-06 1.0000237412768 -3.0178489364161e-05 9.0864973962823e-06
43 1 -2.9057176045721e-15 3.7259235939791e-15 8.8817841970013e-16
90 -9.4718402695433e-06 0.99999101861864 1.3159527330756e-05 5.2936943033544e-06
71 1.7917440713248e-06 -1.2299322978315e-06 0.99999930637252 1.3181570446275e-07
517 1.0000027987259 8.9781094846248e-06 -1.3425479377997e-05 1.6486439609054e-06
244 1.0613859807497e-05 8.1701122080086e-06 0.99998310057279 -1.88454480754e-06
16 -3.2169541775485e-07 0.9999996977569 1.4056650085555e-09 6.2253285260105e-07
751 -2.1704597272163e-06 8.6524093527998e-07 0.9999830674452 1.8237773593111e-05
46 1.0000018615163 -1.0642934601839e-06 -2.8407884996471e-06 2.0435656541418e-06
24 1.3345316947595e-05 4.7412734625291e-06 -1.6002731988897e-05 0.99999791614158
554 3.0789055802781e-16 1 1.0742318817367e-15 -1.7763568394003e-15
117 1.0000125589228 7.3116714093996e-06 -1.1928857065861e-05 -7.9417371212642e-06
365 1 0 0 1.1102230246252e-16
153 8.1526680697918e-06 -1.6111224608805e-07 -7.1996307027982e-06 0.99999920807488
516 -5.2123879298591e-06 4.2819255331341e-08 1.433552287968e-05 0.99999083404579
69 0.99998795975082 1.3765261553381e-05 2.0771421320708e-06 -3.8021545054612e-06
16 -6.8093061194778e-06 7.4710545153736e-06 0.9999992517005 8.6551104949706e-08
94 2.1368554132189e-05 -8.3900313819862e-06 -8.7412928437958e-06 0.99999576277009
441 1.0000143051232 -3.2703280140894e-05 -2.7162952427049e-05 4.5561109321968e-05
140 -6.1426869925166e-05 -4.6574283798044e-05 1.0000498702461 5.8130907627407e-05
269 -2.955216509346e-15 2.2391123773462e-15 1 -1.1102230246252e-15
82 -9.3840701886631e-16 1 3.2487991262507e-15 -1.9984014443253e-15
71 1.7917440717576e-06 0.9999987700677 -6.9362747570572e-07 1.3181570590604e-07
4 -0 -0 1 2.2204460492503e-16
7 1.0000013323636 -6.4414175519942e-07 -3.6140020438878e-07 -3.2682166750675e-07
7 -3.0373406064168e-15 -4.1524844868568e-15 5.9864992693885e-15 1
220 -1.7346824167801e-05 2.7481509182061e-06 3.8814030178246e-06 1.0000107172702
2082 7.6773096957293e-06 0.99998629899949 1.216703688383e-05 -6.1433460647464e-06
220 -8.299765469757e-15 -3.3785654624214e-15 1 8.9928064994638e-15
95 1.1505573324073e-06 -1.2037686660699e-07 0.99999877774283 1.9207670343135e-07
72 1 0 -0 -4.4408920985006e-16
72 -0 -0 -0 1
1007 1 -0 -0 0
116 -6.4850627920315e-06 -3.164708343092e-06 1.0000074486827 2.2010884007662e-06
116 2.1566978559347e-05 1.0000063012671 -2.7227172096454e-05 -6.4107353070497e-07
113 6.2700318083178e-07 1.00000126311 -6.7294340233674e-07 -1.2171697576502e-06
81 1 -2.6360023560191e-15 3.7360924440872e-15 4.4408920985006e-16
221 -1.1408860406469e-05 0.99999652280667 1.2788885048804e-05 2.0971686840454e-06
53 -4.5830354002959e-06 0.99999533497069 2.6290791293091e-06 6.6189855821852e-06
110 -1.5311982011773e-15 1.8378780560197e-15 -4.4238538456995e-15 1
167 1.0000033842239 -1.6114837336945e-05 1.5223248289449e-06 1.1208288598463e-05
53 0.99998993705417 1.011535364033e-05 -1.2629496095256e-06 1.2105418014663e-06
294 -1.8695899146567e-05 0.9999755245637 2.8966585480282e-05 1.4204749965385e-05
151 7.1488161272724e-06 1.1771300029892e-05 -1.4931390692756e-05 0.99999601127454
174 -0 1 -0 -2.2204460492503e-16
232 -0 1 -0 1.1102230246252e-16
412 -3.6091438749912e-15 -1.3357945565857e-14 0.99999999999999 3.0531133177192e-14
723 1.5870325594439e-05 -6.8293248556646e-06 1.0000025009091 -1.1541909803681e-05
64 1.2454273604269e-05 -5.7427147581967e-06 1.1798276838559e-05 0.99998149016432
662 4.376042846416e-06 1.7439683028744e-05 0.99997750104926 6.8322486457273e-07
652 6.8119517031328e-06 -6.0248494346619e-06 -1.7354740570327e-05 1.0000165676383
64 -8.7496254774703e-07 -2.6157636822649e-07 1.0000008440507 2.9248824462424e-07
277 -2.0548659573153e-06 -5.4974428687537e-06 9.5865322366262e-06 0.99999796577659
259 -3.7577908220295e-15 -1.9221179184928e-16 1 6.6613381477509e-16
48 6.2159792870894e-06 1.0000113697488 -8.4617253347091e-06 -9.1240027684236e-06
721 0.99999999999999 2.4411192506785e-14 -3.2333666952401e-14 1.720845688169e-14
1074 -1.1316339353672e-05 1.7617498402115e-06 0.99999456230827 1.4992281241799e-05
292 -1.1677811974025e-08 6.3558285918779e-08 1.3406604941918e-07 0.99999981405348
499 1.0000100954649 1.4071005087912e-05 -1.9831495518528e-05 -4.334974475384e-06
774 0.99998246725906 -2.2049355262218e-05 1.0387144302866e-05 2.919495189535e-05
226 2.3824506130963e-06 0.99999315111409 1.1291371330058e-05 -6.8249360325456e-06
36 1.3574676615954e-05 1.430745356447e-05 -1.5392475994014e-05 0.99998751034581
369 1.0827153021429e-05 1.0000125925515 -1.7917702266625e-05 -5.5020022557972e-06
247 0.99999946875933 7.1408206159245e-07 -1.1906318165435e-08 -1.709350747614e-07
266 0.99999986208408 -1.2148097132844e-07 -2.4364453534259e-07 5.0304142285018e-07
197 1.000016222856 -1.1737096577988e-05 -5.7268389534104e-06 1.2410795046103e-06
69 -5.5230826813188e-07 1.3223982227889e-05 0.99998490267658 2.4256494566277e-06
407 9.5247177832119e-06 1.1718759681652e-05 0.99997787996666 8.7655587610591e-07
28 -1.2689607494204e-05 1.4719803685583e-07 1.0000189697834 -6.4273739741605e-06
69 1.0742383381154e-05 0.99998617254544 -1.2416333720563e-06 4.3267045524154e-06
143 -3.4207072102255e-06 1.0000068073062 2.4681097456e-06 -5.8547087806726e-06
64 1.2454273604478e-05 0.99999425728525 1.1798276835727e-05 -1.8509835685299e-05
207 0.99999835810349 1.1786894410047e-06 8.4986408878338e-07 -3.8665702439822e-07
27 -9.7401898136618e-07 1.1547869819956e-06 0.99999913715137 6.820806316421e-07
451 0 1 -0 -1.3322676295502e-15
114 -1.697670297233e-05 0.99999487889148 7.4006030026179e-06 1.4697208487124e-05
114 -1.2652487840456e-05 7.9360595215374e-06 2.5909335726293e-06 1.0000021254947
309 -0 0 1 2.2204460492503e-16
1472 -3.430300019638e-06 -1.6579737526169e-06 1.000023976165 -1.8887891254815e-05
1418 1 -1.8376241221731e-15 6.352859612116e-15 -1.5543122344752e-15
326 0.99997093018672 -5.3646108726809e-05 5.1615948881055e-05 3.109997313e-05
193 -0 0 -0 1
437 0.99999328258098 8.5072929238887e-06 4.5112162947414e-06 -6.3010901987237e-06
56 0.99998469990666 -3.1469380131168e-06 7.4269385663716e-06 1.1020092781755e-05
1 9.6597553795443e-06 -4.8288445833094e-06 1.0000064705145 -1.1301425330679e-05
419 5.5817347283629e-06 2.2138876242789e-06 1.2582699609395e-05 0.99997962167804
59 -1.2264982758058e-05 1.0000002019828 7.4506674176006e-06 4.6123325817549e-06
20 1.2785491062865e-05 -2.1870393723733e-05 2.1799714567653e-05 0.99998728518809
67 -1.0154566270516e-05 7.5359320096672e-06 0.99999607838577 6.5402484953347e-06
141 -5.1611803028435e-06 -3.1074360323117e-05 1.8022858582704e-05 1.000018212682
214 0.999998618003 1.0243891487244e-05 -4.5241141359185e-06 -4.3377803533584e-06
856 -1.2007701851464e-05 -1.7276264483734e-05 1.0000124545095 1.6829456881862e-05
418 1.1917734632695e-18 1 5.7280764307426e-15 -1.5543122344752e-15
20 -9.9664270176982e-06 1.3778407690145e-05 0.99999145727941 4.7307399180241e-06
906 1 0 -0 2.2204460492503e-16
1 1.0970707271123e-05 0.99997827571525 3.6944438020553e-06 7.0591336737147e-06
481 1.4570318798473e-05 -3.2073140225051e-06 -7.2902382642212e-06 0.99999592723349
812 1.0000261459085 3.3740827023187e-05 -2.4972098227819e-05 -3.4914637301986e-05
360 1.6014342498581e-06 2.7602219800905e-06 0.99999180445522 3.8338885528511e-06
351 8.4579388409607e-06 0.9999905801835 3.7623326105835e-07 5.8564440152953e-07
379 4.6835905167511e-05 1.0000578942809 -4.581393988773e-05 -5.8916246134411e-05
245 -0 1 0 0
12 6.9200814340793e-06 0.99998921223786 -9.308530670995e-06 1.3176211377419e-05
518 1 -0 0 1.1102230246252e-16
44 -1.9658019675369e-05 -1.5335851060332e-05 1.0458901614901e-05 1.0000245349691
418 1.7209927884667e-05 -2.3479988167711e-05 1.6564924980418e-05 0.9999897051353
146 5.1008987480208e-06 1.0000067766846 -7.6724556255772e-06 -4.2051277480137e-06
518 -1.2798500648485e-06 1.0000237110483 -2.0226574053922e-05 -2.2046241492379e-06
193 3.1627608974849e-06 4.5090856807155e-06 0.99998993666207 2.3914913508394e-06
189 -1.9141067131809e-08 0.99999082977429 1.2570658850574e-06 7.9323008901344e-06
1019 -1.853322633197e-06 1.000004001368 6.3336578168143e-06 -8.4817032199869e-06
294 1.0000022117109 2.274325576063e-05 -2.0870847509829e-05 -4.0841191033536e-06
3 1 -7.9470631637478e-16 1.9341317038435e-15 8.8817841970013e-16
160 8.5498160625838e-06 -2.4362637495536e-06 0.9999867363591 7.1500885862052e-06
198 -1.1169090047244e-05 -1.658155750742e-05 1.0000237999466 3.9507009580442e-06
8 1.0000085862691 -2.6444654367093e-05 1.1571883676664e-05 6.2865015758584e-06
9 4.4104299824705e-15 0.99999999999999 -9.3957973115489e-15 1.2323475573339e-14
61 -0 0 1 0
7 -1.3323636264824e-06 1.0000006441418 3.6140019547643e-07 3.2682167394604e-07
331 0.9999995277877 1.1203350388491e-06 -4.9888220350437e-07 -1.4924053304277e-07
70 1.0000016722706 9.2967488226088e-07 -1.3657677808526e-06 -1.2361776573488e-06
7 1.1280135870738e-05 1.7268650235331e-05 0.99996516057404 6.2906398494711e-06
280 7.1316308351121e-06 1.4694009327888e-05 0.99999422694941 -1.605258956916e-05
52 -0 1 -0 0
357 0.9999817169062 -2.2702042599881e-06 4.6585956653117e-06 1.5894702396824e-05
68 0 1 -0 0
230 1.0000103264768 -1.8232529810868e-05 -5.5093478261279e-06 1.3415400836214e-05
68 1.0000057574537 -4.2515575054223e-06 -1.7721018093681e-05 1.6215121853347e-05
91 0.99998472599031 1.8921446386871e-05 -7.9161525873918e-06 4.2687158872123e-06
761 1.2759390905404e-05 1.7748724646828e-05 0.99998446343031 -1.4971545857279e-05
486 1.0000196122697 2.5622360300343e-05 -8.9384477315296e-06 -3.6296182296391e-05
550 1.0410942872936e-06 0.99999139023463 -6.4871840565041e-06 1.4055855135919e-05
280 -7.1316308351121e-06 -1.4694009327888e-05 5.7730505938089e-06 1.0000160525896
14 3.6514309278198e-06 -1.0241545867705e-05 0.999996000061 1.0590053936776e-05
569 0.99999082018911 -1.8240742187925e-07 1.4417402033116e-05 -5.0551837191826e-06
490 -2.521238271701e-06 3.3214273710187e-06 1.0000061009664 -6.9011555439147e-06
490 1 3.0831503886555e-15 -2.6487230398603e-15 -4.4408920985006e-16
1293 1.0000052114535 2.323633784051e-05 -2.1598875831768e-05 -6.8489155382601e-06
278 1.4612186275709e-05 1.0000504922602 -4.1431040524812e-05 -2.367340595022e-05
83 -8.4076161767951e-06 -1.0535618078314e-05 -1.7005735805275e-07 1.0000191132916
14 1.3084684107802e-05 0.9999935591756 2.1069106173344e-06 -8.750770325916e-06
278 -5.0782667124508e-06 -1.9289445840298e-05 1.0000047919716 1.9575740914601e-05
97 0 -0 1 2.2204460492503e-16
173 0.99998552667163 -9.9875062344196e-06 -2.2271101528052e-06 2.6687944754689e-05
63 1 6.6749337018179e-15 4.1982202675656e-15 -2.8421709430404e-14
897 0.99999175816012 -4.6496727295742e-06 1.2460558029857e-05 4.3095457613607e-07
60 -5.7555946530068e-06 1.0000099471008 -1.8790120607966e-07 -4.0036049036019e-06
97 -3.0581357565435e-06 1.000013416828 -6.4775360160716e-06 -3.8811561871022e-06
173 -0 1 0 4.4408920985006e-16
88 -4.1509044956244e-06 1.6381709887062e-05 0.99998367542144 4.0937731684565e-06
159 1.0000133080702 2.9675874533696e-06 -1.2526330970598e-05 -3.749326711544e-06
607 8.1065522211077e-06 -2.9811549574283e-06 1.0000036701467 -8.7955439775911e-06
221 -0 -0 1 0
158 -1.3542019868087e-05 -1.1866565227312e-06 1.0000051386904 9.5899860140802e-06
221 0.99999941326782 1.0829039093911e-06 4.3240147752236e-07 -9.2857320743711e-07
48 -3.1119445818795e-06 -6.4472525125486e-07 0.99999737059905 6.3860707851804e-06
422 -6.0268604946639e-06 -6.3833824134267e-06 0.9999977261953 1.468404760363e-05
146 1 5.2723182389122e-16 4.8416723623292e-15 -1.3322676295502e-15
184 0.99998219353058 1.0221028603097e-06 1.5936913927457e-05 8.4745263562169e-07
67 0.99999998322102 -1.5112635730697e-06 1.7525986328597e-06 -2.2455608439387e-07
214 -2.0920547337e-06 1.0000035194543 3.8778234131468e-06 -5.3052229429529e-06
624 1.0000065776343 -1.7482095439942e-05 7.8834261084724e-06 3.0210350537851e-06
294 -0 -0 1 0
174 1 0 -0 0
262 -7.746674820803e-06 -1.9546005221101e-05 6.7600868601426e-06 1.0000205325932
8 -5.9911216143304e-06 0.99998760187369 -4.258478962235e-06 2.2647726882874e-05
262 5.6690728772714e-06 1.0000109129443 6.3449143327044e-06 -2.292693152639e-05
42 7.7965122749797e-06 0.99999322705868 -4.3286237131926e-06 3.3050527585843e-06
436 3.325954143973e-07 1.0000231240073 -2.1315962213095e-05 -2.1406405019686e-06
42 7.7965122753259e-06 -6.7729413204247e-06 0.99999567137629 3.3050527585843e-06
654 0.99999492409942 -5.6582031462482e-06 2.0851921943619e-05 -1.0117818219024e-05
8 1.4577390729621e-05 -1.4046528061118e-05 1.5830362639809e-05 0.99998363877469
42 0.99999276159775 4.4938407811255e-06 -1.6453345756521e-05 1.9197907224933e-05
374 7.0681108512023e-06 -8.5217409242233e-06 1.3893559649599e-07 1.0000013146945
362 0.99998311198304 1.7782834097148e-07 -1.2081361191629e-05 2.8791549809393e-05
731 9.7127970100449e-06 -2.0320633696945e-05 1.0000048256954 5.7821412956516e-06
4 1 -7.5812663944965e-16 -3.4282160899047e-15 2.3314683517128e-15
773 -0 0 1 0
12 1.0000069200814 -1.0787762095863e-05 -9.3085306470322e-06 1.3176211358545e-05
25 0.99999436611213 2.9107101144027e-06 -2.5715557854937e-08 2.74889331775e-06
214 -2.1845502814602e-06 3.5316133866933e-06 1.000003948248 -5.2953110860621e-06
12 -1.8630349449137e-05 1.2091242852533e-05 1.0000030646609 3.4744457386715e-06
49 -2.0226781859355e-06 -9.1065258471809e-06 1.0000141907282 -3.061524169734e-06
257 1.7071181865806e-14 -4.1223306313262e-14 -4.6131941669845e-14 1.0000000000001
676 0.99999823909715 2.3809844470523e-05 1.5830010551584e-05 -3.7878952168002e-05
17 -1.1553863942714e-05 6.3094701547245e-06 1.0000079218659 -2.6774720822687e-06
49 0.99999919414982 -9.0497128571916e-06 1.402494973206e-05 -4.169386691899e-06
36 1.0000136138437 1.4294995607824e-05 -1.533230964137e-05 -1.2576529623276e-05
108 -7.6847667552959e-06 3.9980079098066e-06 -5.8578452004032e-06 1.000009544604
158 1.477881381183e-05 1.0000000321202 -3.4699827025122e-06 -1.134095131583e-05
303 1.0000111823264 -1.341503597902e-05 6.6250595202097e-06 -4.3923499402077e-06
369 1.0827153019984e-05 1.2592551498928e-05 0.99998208229774 -5.5020022564634e-06
525 8.4097330044773e-07 8.8517594121417e-07 1.0000036125875 -5.338736696725e-06
303 1.1182326399358e-05 0.99998658496402 6.6250595182667e-06 -4.3923499408738e-06
197 -1.5641147111139e-05 1.0000109595936 6.3017478185918e-06 -1.6201943091598e-06
137 8.8732744630857e-06 4.8709469227283e-06 0.9999881787341 -1.922955482403e-06
612 -8.7841183499341e-06 0.99996841275679 1.3143388426207e-05 2.7227973129706e-05
648 0.99999917107484 -1.4877970589805e-05 1.4974782544399e-05 7.3211320328337e-07
137 3.2021352565471e-06 1.0000122529476 -8.6933034266286e-06 -6.7617794707875e-06
77 1.0000057006735 6.5991718714084e-06 -2.1927417521178e-05 9.6275721813699e-06
388 0.99999462289828 4.5990945507855e-06 7.8225243380675e-06 -7.0445171698186e-06
964 -1.4411575163965e-05 2.1144567085689e-06 1.0000006745561 1.1622562336444e-05
77 -5.7006734681427e-06 0.99999340082812 2.192741752566e-05 -9.6275721797046e-06
206 3.2123523113877e-06 0.99999544858192 1.2876959351525e-05 -1.15378935861e-05
40 2.6376070935432e-06 7.3354638497863e-06 1.0000082718066 -1.8244877513673e-05
101 1.0000037698054 -1.0557294813236e-05 1.3110907821005e-05 -6.3234183866889e-06
40 0.99999690442665 -6.1080551786764e-06 -1.0027800206449e-05 1.9231428736832e-05
41 2.1805560021765e-06 0.9999946338351 -2.5248126797238e-06 5.710421576266e-06
288 -0 0 1 -2.2204460492503e-16
288 0.99999968540853 8.7489422535549e-07 -1.5307514357899e-05 1.4747211597665e-05
1316 2.9595261183814e-14 2.1428143658607e-14 0.99999999999997 -1.5987211554602e-14
359 1.0000053928053 -1.404717567779e-05 1.9430812027546e-05 -1.0776441622173e-05
28 1 -0 -0 0
279 1.0000191951705 -9.2559730992056e-06 -5.9157186266003e-06 -4.0234787401783e-06
350 5.2391934248019e-15 -8.7593826751973e-15 1 7.5495165674511e-15
279 -0 1 -0 -2.2204460492503e-16
791 1.0000016496193 -9.8289794432326e-07 -4.1540540475077e-07 -2.5131597980455e-07
492 -0 0 1 1.1102230246252e-16
17 1.1553863942714e-05 0.99999369052985 -7.9218658703336e-06 2.6774720821576e-06
333 -1.6892635798417e-05 1.0000023368238 -4.8753100698395e-06 1.94311220858e-05
333 -1.4597089676578e-05 -7.4827471719753e-07 1.1619645756205e-05 1.0000037257186
226 -0 0 1 0
412 -1.4756466930581e-05 -1.4071027510593e-05 2.7962354341094e-05 1.0000008651401
787 -1.0019247715885e-05 9.9749550669167e-06 2.6696636257028e-06 0.99999737462902
41 -0 0 -0 1
41 -2.1886431526032e-15 -3.240155245529e-16 1 1.2212453270877e-15
41 1.000002180556 -5.3661648836501e-06 -2.5248127136064e-06 5.7104215968051e-06
413 9.8817398936819e-06 1.8131195164899e-05 0.99997654151141 -4.5544464721825e-06
63 -9.923772796524e-06 8.9113960798907e-06 5.5364271084036e-06 0.99999547594961
226 1.657505600124e-05 -1.9966577412042e-05 -1.5218724621398e-06 1.0000049133939
170 -5.4557458869989e-06 -4.1355677542807e-07 6.1152620962463e-06 0.99999975404057
254 -1.3852022162412e-05 0.99999049536474 2.1284021216304e-05 2.0726362065515e-06
787 0.99997326260705 4.3238120263388e-05 -3.2357810384049e-05 1.5857083065729e-05
573 1.4521687249426e-05 1.0540732531854e-05 0.99999097016691 -1.6032586692916e-05
619 -7.6712145446259e-16 3.4956195256724e-15 1 0
324 -1.7279071750238e-07 7.3027816815226e-06 0.99999710536391 -4.235354878368e-06
108 1 -7.8120775720866e-15 1.1446185745971e-14 -1.9095836023553e-14
21 0.99999913083944 5.0434068309526e-07 -5.836422243253e-07 9.4846210307864e-07
103 -8.8054386324403e-16 1 -9.2104380639267e-16 1.1102230246252e-15
238 1.6726155679036e-05 1.324611070129e-05 -1.6105630192782e-05 0.99998613336381
323 0.99999923169971 -1.9962479146348e-05 9.1172250903162e-06 1.1613554349976e-05
305 -1.5504653649447e-06 0.99997180863797 1.3407473449401e-05 1.6334353945435e-05
457 -3.0381201963653e-06 1.5361944185859e-05 7.3347398850995e-06 0.99998034143613
162 1.8766160750759e-05 0.99999352082119 1.6024014352492e-05 -2.831099629641e-05
238 1.6726155678261e-05 1.3246110702824e-05 0.9999838943698 -1.3866636185522e-05
101 1.4027608266671e-06 1.0000004900348 -2.5501981308415e-07 -1.6377757692254e-06
60 -1.5520456184326e-06 -8.3337145513269e-08 -1.1963599429732e-05 1.0000135989822
171 -7.6841296987444e-07 -2.2537551671554e-07 1.0000006407974 3.529910774791e-07
360 1.0842771167495e-05 1.0000052258064 -9.3233810141665e-06 -6.7451965954923e-06
1395 -1.9765129731057e-05 0.99997860024199 1.3295285549933e-05 2.7869602190478e-05
192 0.99999546548965 1.1362152754495e-05 1.5684098571817e-06 -8.3960522658799e-06
194 -1.9687742658231e-05 -8.9967204444689e-07 2.4026684073434e-05 0.99999656073063
163 -2.183168996607e-15 0.99999999999999 7.5466446221216e-15 1.5543122344752e-15
63 9.9237727794345e-06 0.99999108860391 -5.5364271121734e-06 4.5240504186195e-06
113 0.99999208010291 -5.6232737313291e-06 1.625981567754e-05 -2.7166448528515e-06
110 8.2716286377859e-06 1.3567739982947e-05 0.99998512032037 -6.9596889875623e-06
117 0 0 1 0
690 3.5749859576487e-15 2.4012770141594e-15 0.99999999999999 0
795 1.668542225598e-06 -2.1548761214825e-06 1.0000020204689 -1.5341350323439e-06
277 1.000002369822 3.9714350142317e-06 -9.6225245538409e-06 3.2812675418992e-06
168 5.2747699618005e-06 0.99999126943744 2.1121702837602e-06 1.3436223190721e-06
735 1 -0 0 4.4408920985006e-16
168 0.99999930650379 -2.3934554766222e-07 1.1161168980903e-06 -1.8327514128558e-07
93 0.99999867625774 -9.0546729341584e-08 1.0661663614795e-06 3.4812262672546e-07
277 -2.369821999857e-06 -3.9714350124152e-06 1.0000096225246 -3.2812675390126e-06
93 -0 1 0 -2.2204460492503e-16
93 2.6453684423634e-15 1.8094871468995e-16 1 -8.8817841970013e-16
282 -1.4978245253263e-06 1.0000008811847 3.0288707616515e-07 3.137527345709e-07
57 1.3103342842198e-16 -1.1650076753036e-15 1 5.5511151231258e-16
872 -2.1988843535054e-07 7.3481741602047e-06 0.99998877455561 4.0971586622307e-06
872 1 1.5570721193085e-15 1.0356808748377e-15 4.4408920985006e-16
660 1.0315862729812e-05 0.99999139495654 -3.3367340338332e-06 1.6259147631592e-06
1028 -0 0 1 0
176 4.8570640559583e-08 -1.2603736287143e-06 0.99999936976244 1.842040545319e-06
563 2.8802489907786e-14 1 -2.9435791600026e-14 -1.8207657603853e-14
292 1.0000167581092 -9.0522299789128e-06 -1.4853003954802e-05 7.1471246985144e-06
358 -4.672035091246e-15 1 6.55816463523e-15 2.6645352591004e-15
455 3.0550016124175e-05 1.0000313114989 -3.5526219335131e-05 -2.6335295690849e-05
270 2.5073293509837e-06 1.2476033114752e-05 -5.3550933041317e-06 0.99999037173084
51 -8.184149735158e-06 -7.1987555990742e-06 1.0000017469707 1.3635934605682e-05
51 -7.4264747675252e-06 0.99999469702221 -1.3983396782386e-07 1.286928652533e-05
155 -6.4534737983447e-06 -1.858589819016e-05 1.0000066211549 1.8418217135663e-05
104 -5.8079789544731e-06 1.0000132310641 3.1154869392806e-05 -3.857795456641e-05
328 1.0000001602613 -4.5484876118094e-08 -1.1224258191434e-07 -2.5338044995493e-09
393 -1.3988192007629e-05 1.000011918161 4.2726478145348e-06 -2.2026167836309e-06
71 1.0000041895471 7.8784641659928e-06 -1.3974527564404e-05 1.9065162718546e-06
1113 1.2087350324752e-05 -6.8574872990351e-06 1.026760399138e-05 0.99998450253298
441 5.5348674271047e-16 1 -7.8031642760787e-16 2.8865798640254e-15
497 -7.7334494462301e-16 -2.5687346525342e-15 7.3983401752748e-16 1
753 2.922474557657e-15 1 -3.6698611106684e-16 -2.4424906541753e-15
753 1.0000073918195 2.5434471975567e-07 -1.0725852656588e-05 3.0796884616935e-06
497 1.0000162547722 -1.0194017566592e-05 3.1643903884028e-06 -9.2251450161118e-06
140 -0 1 -0 -2.2204460492503e-16
1113 -1.1403373200579e-05 6.8018466448328e-06 0.99999159878702 1.3002739532642e-05
94 -0 1 -0 0
1083 1.2888211123805e-05 0.99997290393999 4.9201103372441e-06 9.2877385508006e-06
347 -7.8535176647082e-06 0.99995786618519 1.9487964172785e-05 3.0499368304238e-05
783 2.1037085914491e-06 -1.790396785001e-06 0.99999923215551 4.5453267893958e-07
273 -0 1 -0 2.2204460492503e-16
23 6.0204190763263e-06 6.0518862039589e-06 0.99999998848632 -1.2060791599655e-05
148 0.99999122098011 5.2794684212328e-06 5.2634764409072e-06 -1.7639249736412e-06
367 1 2.5549965128146e-15 -4.8409015055274e-15 4.4408920985006e-16
510 -1.1599265428858e-05 1.0000297984643 -1.8794767680416e-05 5.9556881248923e-07
32 -4.0633961558325e-15 1 1.2383414219121e-15 -1.5543122344752e-15
660 1 1.7196331277297e-15 6.6681341078544e-16 1.1102230246252e-16
141 0.99998160828563 -4.7570084184318e-05 3.8186372103374e-05 2.7775426455157e-05
21 -0 1 0 -2.2204460492503e-16
544 1.4387104888985e-06 0.99999916028468 -1.55599899062e-06 9.5700382385377e-07
66 0.99998522284819 -2.8035798067616e-06 9.234367928093e-06 8.3463636912917e-06
252 3.0476358413209e-14 0.99999999999999 -1.0154643737605e-14 -5.3290705182008e-15
152 -2.9568940871982e-06 1.0000091243952 -1.1001012345947e-05 4.8335112323716e-06
233 1 0 0 1.1102230246252e-16
178 6.7272879030382e-06 -5.7436922460643e-06 0.99998176408136 1.7252322980443e-05
228 1 0 -0 0
493 0.99998962677714 2.6702614511126e-06 1.5607103493293e-05 -7.9041420892878e-06
135 2.0006059559402e-05 -8.3490070450515e-06 0.99998440993873 3.9330087520106e-06
119 1.3228285654306e-05 3.2489466060665e-07 0.99999197775566 -5.5309359756617e-06
1565 -2.3789480285294e-17 2.104986823174e-15 1 -1.9984014443253e-15
810 1.4870047670123e-05 8.9771106165803e-07 -4.40978393174e-06 0.9999886420252
31 1.6033820348813e-05 -6.8575563608842e-06 0.99999571949873 -4.8957627216684e-06
31 -1.4475902382349e-05 1.0000049598084 3.4188782310917e-06 6.0972157726047e-06
175 -1.0257058650237e-05 3.7389822691547e-07 -4.4253643719516e-07 1.0000103256969
126 2.3331040920673e-06 1.0000002694986 -1.7674664136916e-05 1.507206147866e-05
55 7.6446589954463e-06 0.99996884923976 1.2206459221474e-05 1.1299642025175e-05
85 -0 0 1 0
66 -1.5775298716687e-05 0.99999833756017 9.3892358555244e-06 8.0485026906496e-06
37 -2.3514355693143e-05 2.2887601933304e-05 -3.0099612370955e-07 1.0000009277499
31 0.99998552409762 4.9598083786352e-06 3.4188782311037e-06 6.0972157726047e-06
66 1.0739229746275e-06 -1.0905675250263e-05 1.0000156058789 -5.7741266450417e-06
178 6.7272879030382e-06 0.99999425630775 -1.8235918637555e-05 1.7252322980665e-05
175 1.2928328388178e-06 -8.5928564008779e-06 1.0000133367637 -6.0367401295558e-06
252 -7.2642610233191e-07 5.0475521084658e-06 0.99999302823607 2.6506379233737e-06
92 1.0000006748314 1.0091984826306e-05 2.9374814154611e-06 -1.3704297648243e-05
252 -3.06215275106e-14 1.6131394880923e-14 8.7614054270402e-15 1
389 3.170800947396e-15 -8.2775211140684e-15 1 2.8865798640254e-15
92 -1.3485840539182e-16 1 -5.8702670990497e-16 2.8865798640254e-15
207 -0 0 1 0
570 -0 0 1 2.2204460492503e-16
484 1.0000022783017 -3.008227185395e-05 2.1761435804355e-05 6.0425343871851e-06
198 4.1351412615828e-06 0.99997804265708 5.3126597435418e-06 1.2509541917671e-05
78 4.4911661619768e-06 1.0000056156256 7.6918590235316e-06 -1.779865082896e-05
635 -4.1015748139047e-06 -1.7589862624457e-05 1.6978386296074e-05 1.0000047130511
78 0.99998942220207 6.2687208348786e-07 1.53155698163e-05 -5.3646439743815e-06
261 0 0 1 0
144 3.7591604498227e-15 -1.3544625232245e-15 1 4.4408920985006e-16
38 1 -0 0 2.2204460492503e-16
144 0.99999016696333 1.5450702446238e-05 -2.5386296395857e-06 -3.0790361373878e-06
144 0 1 -0 0
566 0.99999535997274 2.3077159593665e-06 -1.0293862606056e-05 1.2626173902075e-05
1405 2.1354642400929e-06 1.0000067444009 -2.283060743068e-05 1.3950742296376e-05
261 1.0000000474458 -6.8075165048195e-07 9.8312713676433e-07 -3.4982130814321e-07
461 3.3453422750405e-16 1 -1.2594494894413e-15 -1.5543122344752e-15
461 1.6740091359238e-07 1.2888184295997e-06 0.99999936977153 -8.2599087058988e-07
261 -5.7532380950243e-06 1.0000102840068 7.5697119550214e-06 -1.2100480686561e-05
336 1 0 -0 -2.2204460492503e-16
526 2.1681617383949e-05 -9.9868791434829e-06 -2.2874799155006e-05 1.0000111800609
177 -1.8809645399102e-15 1 -2.8956127855147e-15 1.9984014443253e-15
55 -5.1051952135407e-16 1.3039108354944e-15 1 1.8873791418628e-15
180 -1.0936497469007e-05 6.7266834552389e-06 -7.3645208383661e-06 1.0000115743349
164 3.3298707399198e-06 -1.4519164104401e-05 3.3576223841669e-06 1.000007831671
45 -2.9946542333548e-15 1.1882353432812e-15 -2.740239953641e-14 1
55 1.1544298248333e-15 4.125025026403e-15 -1.3373206003927e-15 1
37 1.9378948314988e-05 1.1600586806464e-06 1.0000006643889 -2.120339594236e-05
45 0.99999809296928 1.9461887349795e-06 -1.380396450618e-05 1.3764806492733e-05
532 -3.3622029060811e-06 1.0000002027194 -1.2733787218738e-05 1.5893270723155e-05
322 5.6268583589837e-06 0.9999934499696 -4.6495544411693e-06 5.5727264824945e-06
409 -1.4287168536273e-05 1.000016353021 6.686345686941e-06 -8.7521981728678e-06
179 -0 -0 1 0
409 0.99998571283146 1.6353021023709e-05 6.6863456862607e-06 -8.7521981717575e-06
402 -9.4524941782775e-15 -2.2997017813222e-14 4.1334736404447e-14 0.99999999999999
38 -9.3177759417977e-07 1.2450425567109e-06 0.99999945718139 2.2955364686883e-07
19 -6.6157290280024e-06 -8.2018177287621e-08 1.0000018118383 4.885908871044e-06
54 -2.3761437141892e-15 1 1.9809963686007e-16 -1.1102230246252e-15
338 -6.8163908256505e-06 1.7958009118803e-06 0.99999304263824 1.1977951669961e-05
509 -1.9301031623722e-05 1.0000077806097 1.5214692053561e-05 -3.6942701227005e-06
358 -2.2862267614143e-05 -4.9894151926076e-06 1.0615787455453e-05 1.0000172358954
358 1 0 -0 1.1102230246252e-16
811 -0 0 1 0
176 -1.7345300363383e-08 0.9999911886053 1.4548170602618e-05 -5.7194305980168e-06
169 1.0000006998453 -1.1905044196858e-06 6.5040781487248e-07 -1.597486867233e-07
176 1.0000000672571 -7.6342784422304e-06 1.5216398966813e-05 -7.6493776366426e-06
169 -0 0 1 0
169 -1.4314546614255e-06 0.99999929079247 1.5265693256114e-06 6.1409286300496e-07
292 1.6758109209583e-05 -9.0522299717513e-06 0.99998514699607 7.1471246922972e-06
169 5.1034862107248e-07 1.9246745816325e-06 -1.5250519252282e-05 1.000012815496
916 8.496032869914e-07 6.5266776694907e-07 1.5575965485621e-07 0.99999834196929
513 0.99999999999999 -3.2162409521813e-15 8.3076366953889e-15 2.8865798640254e-15
276 -0 1 -0 -2.2204460492503e-16
513 -8.2371378131995e-06 6.5980681489518e-06 0.99999463660375 7.0024659137857e-06
676 2.3404050865047e-06 6.2970782439371e-06 1.0000156123921 -2.4249875394622e-05
36 1.3111496161061e-05 1.0000160890305 -1.7190110471195e-05 -1.2010416236219e-05
158 3.2978953876861e-07 1.8270322433464e-07 1.2873079518785e-06 0.99999820019928
375 1.0000058824502 2.2100605859132e-05 -5.6124286798406e-06 -2.2370627417168e-05
158 0.99999909299551 1.3372395399906e-06 -3.8139970193121e-07 -4.8835345101139e-08
607 -8.1065522213827e-06 2.9811549607485e-06 -3.6701467146815e-06 1.000008795544
422 1.0000084123896 -2.8487463479706e-06 -8.9018735724786e-06 3.3382303392671e-06
397 -6.6340638082078e-06 1.0000124652008 3.1239412884258e-06 -8.9550783279879e-06
1026 4.6373077143925e-08 0.99999931311985 -9.8221697053944e-07 1.6227240476896e-06
36 -7.1510049506245e-08 1.6569974181305e-06 0.99999880402905 -3.8951641689877e-07
429 -3.6767606519756e-07 7.6487112229752e-07 0.99999996024112 -3.5743617732287e-07
425 -0 0 1 1.1102230246252e-16
20 -9.9664270176982e-06 1.0000137784077 -8.542720590323e-06 4.7307399181351e-06
112 -2.3312831868856e-06 -1.9668184308234e-05 1.0000035225608 1.8476906725629e-05
44 -2.4489758511259e-06 1.3653706347985e-05 0.99998725562497 1.539644530979e-06
1051 -2.9930858404937e-06 1.0000170725474 -4.2083283553882e-06 -9.8711332068291e-06
44 -1.233584788978e-05 0.99997162957361 1.6288711968223e-05 2.4417562310308e-05
384 4.8154800722045e-15 1 -3.519376250698e-15 -5.1070259132757e-15
100 -2.5726220095546e-05 -1.5404775066448e-05 1.2462448345861e-05 1.0000286685468
100 -2.5726220100129e-05 -1.5404775067731e-05 1.0000124624484 2.8668546817268e-05
482 1.0000043010682 -7.7303278405337e-06 -7.9416178011754e-06 1.137087741454e-05
59 -1.2264982757513e-05 2.0198275890682e-07 1.0000074506674 4.6123325810887e-06
59 -1.5807129699164e-05 -1.9390022453245e-05 1.0421246020287e-05 1.0000247759061
482 -5.8867410860256e-06 0.99998618617203 8.3173986090834e-06 1.1383170448132e-05
100 2.5726220104551e-05 1.0000154047751 -1.2462448354824e-05 -2.8668546818489e-05
20 0.99999718093596 8.0919860331708e-06 -1.3256993976995e-05 7.9840719868773e-06
427 1.1646166836477e-06 -1.3742613815878e-05 -1.6569078193429e-05 1.0000291470753
466 2.6473053234375e-06 5.5961746004047e-06 1.0000006718493 -8.9153292450739e-06
285 0.9999910542356 7.4029417052478e-06 5.2601114487859e-06 -3.7172887561443e-06
837 1.0000054803002 9.2103649828079e-06 -9.8964160166928e-06 -4.7942491199215e-06
334 -1.3178460866579e-06 1.4840346539965e-06 1.0000000660697 -2.3225828083007e-07
334 0.99999198379162 -2.4360805641395e-06 4.7631879462151e-06 5.6891009952986e-06
112 -9.4735483028621e-06 0.99997663980949 6.7304746453248e-06 2.6103264166966e-05
285 -2.2168138904039e-05 1.0000195139925 -3.6421099164718e-06 6.2962563660562e-06
578 0.99998987126709 3.2722916372845e-06 -2.8487224647733e-06 9.7051637419909e-06
190 -1.0788601399513e-06 0.99999870817584 -9.9935350407836e-06 1.2364219344585e-05
512 -1.0201118762117e-05 0.9999917039477 1.5562623845384e-05 2.9345472207787e-06
190 1 0 -0 -2.2204460492503e-16
166 5.535416398453e-07 -2.1121478998641e-06 1.0000185629473 -1.7004341070326e-05
260 1.0000175942434 4.5629942475842e-06 -1.6633329104869e-05 -5.5239085492431e-06
245 1.0000083086126 3.2266584868269e-06 -7.6488625429054e-06 -3.886408588949e-06
260 1.4991704837947e-05 1.4790652445884e-05 0.99998461869968 -1.4401056964042e-05
356 -5.8799851889581e-06 2.0815573868877e-05 1.0000062509061 -2.1186494816305e-05
419 -0 1 -0 -2.2204460492503e-16
109 -5.0602782979819e-05 -5.8881158710963e-05 1.0000566051006 5.2878841082182e-05
109 -8.6021350611981e-05 0.99992346873704 6.8213049272673e-05 9.4339564300272e-05
236 0.9999818265734 5.6507410303242e-06 -1.2542885587798e-05 2.5065571158223e-05
2018 2.2052061404453e-05 -3.7211627030579e-06 -2.4406749714411e-06 0.99998410977627
109 2.9924282488609e-06 -1.4664744140295e-05 1.035639234089e-05 1.0000013159236
473 -1.008740992087e-05 -5.5302122593135e-06 1.9709040071697e-05 0.99999590858211
236 -0 0 1 1.1102230246252e-16
511 1.7124565249108e-05 0.99998429386484 -1.0902712435129e-05 9.4842823479269e-06
131 0.99998777965279 5.0480628319282e-06 -2.6265300993286e-08 7.1985496772342e-06
141 -1.9088126744857e-05 0.99997449909283 1.6324524552891e-05 2.8264509359666e-05
109 0.99997883092815 -1.1901566180679e-05 2.428436726184e-05 8.7862707646158e-06
677 1.5435364927284e-05 -5.7846233135486e-06 -5.6561579872617e-07 0.99999091487419
60 -4.1641080519819e-06 1.1360440423429e-05 0.99999779146718 -4.9877995518255e-06
1129 1.2447564545149e-14 -1.5747869186946e-14 0.99999999999999 1.5543122344752e-14
206 -1.7217001070868e-15 -3.4817887236267e-15 1 -1.3322676295502e-15
92 1.9798820157689e-15 2.9122052219352e-15 1 -8.2156503822262e-15
637 -1.7472817885768e-14 0.99999999999999 -1.7078942236005e-14 4.7517545453957e-14
401 1 0 -0 -2.2204460492503e-16
204 -2.6258968459736e-05 1.000001052526 2.2771414872818e-05 2.435027556813e-06
45 1.3297274013298e-05 1.0000103421877 -3.6464721935355e-05 1.2825260182314e-05
73 -0 1 -0 -4.4408920985006e-16
73 1.4138504680387e-05 -3.6921716829196e-06 0.99999610578712 -6.5521201138008e-06
73 1.0000027160828 -1.0640191714534e-07 1.4809941492062e-05 -1.741962235613e-05
389 3.1789032585203e-15 -7.3374137626618e-16 -2.4550238190852e-15 1
993 1.0000169352795 -2.3698948199996e-06 -1.0559943977987e-05 -4.0054406607037e-06
993 -1.7919607999242e-05 -9.2565183639397e-06 2.6399122130815e-05 1.0000007770042
736 1.0000149921507 -1.9446260073412e-05 -6.2728127031275e-06 1.0726922079929e-05
32 -1.2616588953722e-15 1.1806747250433e-15 1 -1.5543122344752e-15
414 -1.470962996902e-15 2.9003318630085e-15 1 -2.2204460492503e-16
176 1.2693304573885e-06 6.6756674119234e-06 -1.4899514623507e-05 1.0000069545168
10 0.99999075089842 5.5960871847159e-06 -1.0782233599957e-05 1.4435247999267e-05
34 5.9723159522743e-06 0.99999396844485 -6.7646531098675e-06 6.8238923099928e-06
10 -0 0 -0 1
34 0.99999887274139 -4.0232361815172e-07 1.2662382562166e-06 2.6334397185135e-07
108 -9.2006600694528e-06 1.0000050558795 -5.6076230908717e-06 9.7524036513086e-06
130 0.99998698190932 -2.7407237404727e-07 8.6415741693567e-06 4.650588888766e-06
11 0.99999424340542 7.2765144729419e-06 -2.7552915915146e-06 1.2353716989377e-06
6 -2.5355239911664e-06 1.0000040557093 4.0474222527356e-06 -5.5676075914057e-06
277 -2.369821999857e-06 0.99999602856499 9.622524551513e-06 -3.2812675392346e-06
240 0.99999837603743 1.9910891608283e-06 -5.3403839809333e-07 1.6691180670936e-07
363 0 1 -0 -2.2204460492503e-16
140 0.99993818423896 -4.8567509512847e-05 5.0680212925896e-05 5.970305762748e-05
888 0.99999714781929 2.1263827790581e-07 1.429221410807e-05 -1.1652671676465e-05
140 -0 0 -0 1
556 1 0 0 0
259 1.0000009869026 5.2482175700021e-06 3.0469949023012e-06 -9.2821150807776e-06
56 -0 1 -0 0
181 7.5729120613277e-06 2.2888989633016e-06 0.99998944507347 6.9311550843221e-07
391 -0 0 1 0
40 -4.579662583091e-07 1.0000012274087 -1.7559936361143e-06 9.865512230478e-07
589 1.0000168170443 -5.6257288291943e-06 -1.9577921845266e-05 8.3866063336213e-06
309 1.1139338613458e-05 1.0000121851484 -1.9997245616765e-05 -3.3272413513252e-06
74 1.192049656449e-05 1.5707606915246e-05 0.99999713569714 -2.4763800616334e-05
136 -9.3218248818886e-07 1.2184267073512e-06 0.99999928709964 4.2665614186088e-07
121 1.0000163736938 -2.188983120091e-05 2.2981680681911e-06 3.217969335001e-06
136 0.9999975379364 2.5851538874214e-06 -1.6990029030669e-05 1.6866938742477e-05
321 -3.2929129248031e-05 -4.909321062048e-06 1.2065074749022e-05 1.0000257733756
461 -1.6970097297646e-05 -2.6356367877143e-06 1.2883549225596e-05 1.0000067221849
78 -1.0531828379078e-05 3.3441811844343e-06 1.0000125972239 -5.40957670081e-06
53 4.5830354004903e-06 4.6650293128486e-06 0.99999737092087 -6.6189855800758e-06
288 2.7626868474969e-06 0.99999881064328 1.0486492087869e-06 -2.6219793411997e-06
288 3.1459146733251e-07 -8.7489422411608e-07 1.5307514358482e-05 0.9999852527884
17 0.99999171078842 1.9357118538656e-06 5.8935075694356e-07 5.7641489714655e-06
162 -1.9708155755215e-05 8.1633409505843e-06 -1.7472066089598e-05 1.0000290168809
73 1.1422421899645e-05 -3.5857697657743e-06 -1.8704154376138e-05 1.0000108675022
1574 3.7233471846511e-14 -9.9874753482844e-15 -1.0526221764594e-14 0.99999999999998
1306 0.99999477918471 -1.2595160130359e-05 -1.8106759897052e-06 1.9626651411642e-05
1062 1.000010970674 -1.806780951648e-05 1.5609905956944e-05 -8.5127703937093e-06
3 -2.3765043848078e-15 -7.9470631637478e-16 1 9.9920072216264e-16
89 -0 1 -0 0
397 1.0000013415691 -6.6872620528074e-07 6.7261770401911e-07 -1.3454605607421e-06
534 -6.2905385902795e-06 8.75551799736e-06 1.0000029479901 -5.4129695421512e-06
534 1 -1.7497039812403e-15 -5.8912677438627e-16 7.7715611723761e-16
737 1 -5.9806711783885e-15 7.610198100647e-15 -2.2204460492503e-15
18 -4.4914542128653e-06 -4.1901304998068e-06 1.0000015643854 7.1171993214492e-06
48 1.0000099652069 6.8380771452858e-06 -9.2336407440329e-06 -7.5696432910721e-06
28 -3.7943448051236e-06 1.0000291854889 -1.8998649896783e-05 -6.3924941693383e-06
338 2.7544073314866e-05 3.10067047654e-05 -2.0415624814733e-05 0.99996186484673
11 -5.2732834967457e-06 6.606064286817e-06 9.6502545275731e-06 0.99998901696468
761 0 1 -0 0
937 -2.4098338354907e-06 0.99998412000445 -4.9405372647155e-07 1.8783883111384e-05
763 1.1932002988406e-05 0.99999704920698 1.4123994362463e-07 -9.1224499125797e-06
762 -0 1 -0 -4.4408920985006e-16
757 -1.4993568058551e-05 9.6344585602246e-06 8.30497151829e-06 0.99999705413798
133 -2.0244719157661e-05 0.99998937469154 3.1106452435964e-05 -2.3642482172015e-07
275 0.99998196747244 -1.0653863163427e-06 1.8881955553784e-06 1.7209718318867e-05
270 1.0000062121589 -1.0166677549464e-05 4.3523712242049e-06 -3.9785260042002e-07
125 1.5910070096383e-05 0.9999883621094 1.8879189895859e-05 -2.3151369390906e-05
275 -1.8032527558166e-05 -1.0653863163427e-06 1.0000018881956 1.7209718319089e-05
1456 -9.4319238816205e-06 -2.3202925265146e-05 1.0000024715989 3.016325029559e-05
579 1.7944266926893e-05 -1.7372531280383e-05 6.2008324749717e-06 0.99999322743188
757 -8.1133251856614e-06 -1.4105747696614e-05 1.000021602755 6.1631785519545e-07
935 -2.9194000825379e-15 1 2.5209146874489e-15 1.1102230246252e-15
275 -1.8032527561144e-05 0.99999893461368 1.888195558266e-06 1.7209718321531e-05
935 7.6179227375262e-06 9.0220204158539e-06 1.0778285294045e-05 0.99997258177155
935 1.8124031325219e-06 2.2257749870318e-05 1.0000076637246 -3.173387755373e-05
442 5.9279191237119e-07 1.0000003505161 -1.3053797663016e-06 3.6207176856706e-07
44 1.000007462652 2.7751295368893e-05 -9.3741472933374e-06 -2.5839800031457e-05
128 0.99998040860755 -5.3638667552008e-06 5.1395495332401e-06 1.9815709669135e-05
63 -9.9237727968532e-06 8.9113960820394e-06 1.0000055364271 -4.524050391419e-06
348 0.99999406257755 5.4542433173548e-06 8.2251508618242e-06 -7.7419717319227e-06
11 -5.7565945798459e-06 1.0000072765145 -2.7552915913923e-06 1.2353716986047e-06
15 1.2117579272682e-05 1.7398519484134e-05 -3.2731062859483e-05 1.0000032149641
765 0.99998671745851 -9.9153127633243e-06 -1.9789811960413e-06 2.5176835454221e-05
630 -5.7298611495942e-06 6.5399981848716e-06 1.0000185063656 -1.931650264142e-05
15 -2.3417289830277e-08 1.0000012992198 -9.2342985409332e-06 7.9584960110957e-06
15 1.0000121644139 1.4800079843916e-05 -1.4262465779505e-05 -1.2702027919698e-05
927 -2.8620525817851e-15 1 1.4724844046407e-15 -4.4408920985006e-16
430 -9.9237425213127e-07 9.3926436067009e-06 -2.2834795077096e-05 1.0000144345257
610 1.2560084487747e-05 1.000001139803 -1.5574779500361e-05 1.874891986553e-06
98 -0 0 1 -2.2204460492503e-16
359 1.2725813088409e-06 7.9971668262996e-07 -1.3050657994013e-06 0.99999923276781
359 7.7756414380029e-07 0.99998455754023 -6.5629573280144e-06 2.1227852949446e-05
359 6.6653865837629e-06 -1.3247458993562e-05 1.0000181257462 -1.1543673815728e-05
610 -0 0 1 1.1102230246252e-16
11 -2.7613529719698e-05 -2.1441768686114e-05 1.0000156375127 3.3417785709533e-05
339 -1.7120099941249e-05 -1.0551918554819e-05 1.000011840636 1.5831382495057e-05
15 -1.2164413854827e-05 -1.4800079843143e-05 1.0000142624658 1.2702027919809e-05
913 0.999954576337 -2.6927152747394e-05 3.6697793687671e-05 3.5653022058213e-05
339 1 0 -0 0
339 -0 0 -0 1
1409 -8.7866687041262e-06 6.0740128138593e-06 -1.693967163917e-05 1.0000196523275
106 1.4521556998239e-07 0.99999698504714 1.2113902762696e-05 -9.2441654768738e-06
1575 1.0000014801239 6.8238810828048e-08 -5.0719773566837e-07 -1.0411650037678e-06
1320 2.0144222697649e-05 4.8367712445957e-06 0.99998307674533 -8.0577392747028e-06
156 2.2995535288126e-16 -2.2008399017922e-15 4.1725003678381e-17 1
1323 -0 0 1 0
487 -2.4714074537232e-06 1.0000319867139 -1.0623010386628e-05 -1.8892296095085e-05
487 1.7993399391972e-05 -6.7128772845525e-06 0.99998788341928 8.3605860845548e-07
68 -5.1169839105778e-06 2.2718110953203e-05 0.99999782735258 -1.5428479625657e-05
2062 -4.8578629348164e-06 1.7668487175757e-06 1.3420465261373e-05 0.99998967054896
24 -1.3345316947595e-05 0.99999525872654 1.6002731988897e-05 2.0838584212646e-06
99 -5.2496756618992e-06 -6.622455007134e-06 -6.3976923179742e-06 1.000018269823
644 4.5306656053319e-06 1.000014364246 -7.6362724436821e-06 -1.1258639192491e-05
290 3.0028939019268e-08 -8.259740396635e-06 1.1485103019949e-05 0.99999674460844
290 1.7469292943846e-05 0.99999760287195 -1.6659108085777e-05 1.5869431889692e-06
46 -0 1 -0 0
516 -5.2123879296276e-06 4.281925532944e-08 1.0000143355229 -9.1659542047484e-06
24 1 0 -0 2.2204460492503e-16
424 -1.0967729725635e-05 1.0000067175464 6.033931592449e-06 -1.7837482746419e-06
751 3.5410426215566e-06 0.99999901384659 1.651293999119e-05 -1.9067829206243e-05
99 -1.0490959425376e-15 -1.3234323651737e-15 1 3.441691376338e-15
99 1.0000025394595 9.8990994944988e-06 -9.1525909765414e-06 -3.2859680663133e-06
290 1.0000002099178 -7.4539603373904e-06 1.2162505538827e-05 -4.9184629866694e-06
820 6.6514588388684e-06 1.3740595380292e-05 -1.1984207034712e-05 0.99999159215282
46 1.2032116675049e-05 -8.6177196598336e-06 1.9672399613513e-07 0.99999638887899
516 1.000027688643 2.3624451544421e-05 -2.6706194791733e-05 -2.4606899782009e-05
1267 -2.5832321981348e-05 1.0000051905298 7.7239406657607e-06 1.2917851486605e-05
751 -0 0 0 1
1011 -5.2309747677297e-06 -9.1102671245874e-06 -4.1529147798868e-06 1.0000184941567
754 0.99998403953689 -1.4200767454425e-05 2.1406100416213e-05 8.75513014853e-06
517 -4.1280032604341e-06 1.0000143114758 -2.7829083116619e-05 1.7645610623784e-05
948 1.1521237627816e-05 0.999987339093 6.481511322371e-06 -5.341841946338e-06
991 8.4902356410421e-06 -1.384179963107e-06 0.99998343873412 9.4552102014589e-06
37 -2.1446652024122e-05 1.0000108637716 -4.8269253651719e-07 1.1065572927849e-05
37 0.99999793229633 1.2023830296347e-05 1.8169641274308e-07 -1.0137823041045e-05
185 2.1558070909084e-06 -1.1897713507686e-08 0.99999793705128 -8.0960652404372e-08
204 1 0 -0 2.2204460492503e-16
45 -0 0 1 0
297 0.99998684665849 5.1890182620579e-06 4.096266969172e-06 3.8680562813864e-06
297 -1.3153341512295e-05 5.1890182620579e-06 1.000004096267 3.8680562814974e-06
207 -1.2833082896864e-06 1.0000000910722 -2.4551358680835e-07 1.4377496675433e-06
153 1.4219637608424e-06 1.000000706224 6.2619248074041e-08 -2.1908070062526e-06
283 0 0 -0 1
105 0 1 -0 2.2204460492503e-16
573 -1.3562851678571e-06 0.99999606085379 1.7521775423805e-05 -1.2226344050292e-05
313 0.99998555453112 1.1592221758501e-05 8.6435604835666e-06 -5.7903133627857e-06
405 -1.3366552400023e-05 0.99998915194805 7.9666431099648e-07 2.3417940037573e-05
160 0.99996952335006 1.8813698938836e-05 2.2700597318408e-05 -1.1037646319156e-05
174 -6.5897937469598e-05 -3.155209567502e-05 1.0000765112033 2.0938829842776e-05
150 3.8856195808873e-05 5.1946960962244e-06 -3.116527480702e-05 0.9999871143829
217 -0 1 -0 0
58 0.99999958472638 1.9211127446299e-06 -2.8127832464354e-07 -1.2245607969863e-06
635 -0 0 1 0
1618 -2.2124851267367e-07 -1.1074280739762e-06 6.3339835028568e-07 1.0000006952782
152 1 -1.2916573335066e-15 3.3821546524625e-15 -2.2204460492503e-16
1363 2.1609188906683e-05 1.7307954695754e-06 0.99999387892064 -1.7218905013605e-05
897 -5.5387072554133e-06 0.99998254112114 1.0112805460264e-05 1.2884780658418e-05
67 1.0154566270099e-05 0.99999246406799 3.9216142310406e-06 -6.5402484950017e-06
396 4.0176734439226e-06 -8.2006904985885e-06 1.0000153070612 -1.1124044124067e-05
1396 -0 -0 1 -2.2204460492503e-16
1062 -0 0 0 1
457 -1.2582207867625e-05 7.5838722764955e-06 1.000006465381 -1.4670454118182e-06
551 2.5861612876039e-05 6.7405942892296e-06 0.99998063572302 -1.3237930185372e-05
434 9.9170461482156e-06 1.0000132831025 -2.855312574172e-05 5.3529770657201e-06
1131 1.000014605582 -3.158545759844e-06 -1.3549027312917e-05 2.1019910684261e-06
23 5.9328723440048e-06 0.99999085110066 5.0432398679828e-06 -1.8272128763375e-06
434 -1.8673276751838e-05 -9.2720554407467e-06 1.0000249522139 2.9931183215259e-06
550 1.0410942930259e-06 -8.6097653595816e-06 -6.4871840643503e-06 1.0000140558551
793 1.0000107436793 -3.3736797987014e-06 1.3555063467579e-05 -2.0925062967692e-05
145 1.0000069138962 3.8797237284242e-06 -5.130384095224e-06 -5.6632357954278e-06
411 -7.1321867758408e-07 1.2263414539177e-05 0.99999683939426 -8.3895901203945e-06
358 2.2491625657818e-05 3.3946583986037e-06 0.99998987057182 -1.5756855875404e-05
1503 7.9276864284295e-06 1.0000036033995 -6.038095956609e-06 -5.4929899833134e-06
215 1 1.7307318324914e-15 -1.3207648980888e-15 -8.8817841970013e-16
99 -0 1 -0 -2.2204460492503e-16
522 6.3094506623947e-06 0.99999552105362 1.1752003884155e-05 -1.3582508169296e-05
674 -7.1791201244766e-06 1.0307317511897e-05 1.0000103786191 -1.3506816521236e-05
38 -2.0183061212435e-05 0.99997394219397 2.0137187083224e-05 2.6103680157763e-05
102 3.2520327339269e-15 1.3250402210815e-15 1 -2.8865798640254e-15
235 1.0000244602328 6.0011224251029e-07 -1.0259946884935e-05 -1.4800398202786e-05
235 -2.8379819022909e-06 1.1531701688435e-05 -8.8032193512754e-06 1.0000001094996
250 -5.7931871109832e-06 1.0000033990248 -2.4351605317522e-06 4.8293227945528e-06
526 0.99999037659368 2.5158970961239e-06 -1.4794930685703e-05 2.1902439909849e-05
96 1.0000012908927 -1.7993187546143e-05 1.3019272778671e-05 3.6830220554451e-06
1757 0.99999163710129 9.5929591899053e-06 3.6515793520259e-06 -4.881639827925e-06
136 1.4904946911068e-05 0.99999937339005 -1.7345032181662e-06 -1.2543833742384e-05
64 0.99998754572639 5.7427147563734e-06 -1.1798276832975e-05 1.8509835685299e-05
88 1.0000061346355 4.166796859658e-06 -5.1523669472044e-06 -5.1490654071618e-06
124 -1.0627521027373e-05 -1.4905517100335e-05 1.0000211954919 4.3375461907802e-06
46 1.8615163054672e-06 -1.0642934601249e-06 0.9999971592115 2.0435656540307e-06
88 -9.8612501988485e-06 1.0000106761572 -1.1108676455126e-05 1.0293769493241e-05
111 -2.606760450519e-15 1 4.615089981486e-16 -6.6613381477509e-16
232 7.8399447846686e-06 7.6032030968651e-06 0.99998502003973 -4.6318760738018e-07
184 -7.8445349817569e-06 -7.7943822706191e-06 1.0000183548909 -2.7159736417648e-06
2082 7.677309692181e-06 -1.3701000512874e-05 1.0000121670369 -6.1433460669669e-06
2082 1 -2.7380099217855e-15 2.4314624081646e-15 -1.1102230246252e-15
167 -0 1 -0 0
333 1.0000220446831 -2.2488860735975e-05 -4.1068752615195e-06 4.5510528621229e-06
610 -1.2560084483164e-05 -1.139803025526e-06 1.5574779501877e-05 0.99999812510801
1062 -1.5540608241854e-15 -9.7057067114563e-16 1 2.1094237467878e-15
1374 1.0614039325201e-06 1.8354883583016e-06 -1.9371960120094e-06 0.99999904030372
1062 1.5540608241854e-15 1 -1.030381145169e-16 -2.8865798640254e-15
582 1.706352729415e-06 0.99999794715018 -2.4407021263649e-07 5.905673070572e-07
542 -2.716091734343e-06 0.99999136047713 -9.0434415264031e-06 2.0399056130049e-05
130 -7.6925469103343e-15 1 -4.9156341116962e-16 3.219646771413e-15
179 0.99999157941193 1.3672741906555e-05 3.0851023904922e-06 -8.3372562240669e-06
1234 -2.0339699326505e-05 -1.894410633579e-05 1.0000176208686 2.1662937067402e-05
100 0.99997786677723 -5.0184806278157e-06 5.764774153019e-06 2.1386929243028e-05
24 -1.3345316947541e-05 -4.7412734588488e-06 1.000016002732 2.0838584205984e-06
686 -1.0554619513462e-05 1.2540785679816e-05 0.99999371784537 4.2959884678506e-06
152 8.6622257224636e-07 5.8171073424277e-07 0.99999847681298 7.525371847894e-08
686 1.7610420481496e-06 0.99999953977341 -1.4654235550475e-06 1.6460810170482e-07
2120 -1.0656851194199e-05 -2.9914926373611e-06 1.5368939175008e-05 0.99999827940466
565 1.0000039343548 9.7623724608318e-06 3.3592977480461e-06 -1.7056024962603e-05
175 1.0000010815451 -7.5306388341837e-06 1.3851661764684e-05 -7.402568076742e-06
258 0.99999292527607 3.7919024287842e-06 4.7253531666825e-06 -1.4425316647859e-06
164 1.2985901794405e-05 -5.0385365642037e-06 0.99999490882044 -2.8561856662002e-06
30 -1.518051405881e-05 1.0000156313192 -1.3018860504477e-05 1.2568055385964e-05
1340 -1.2685505432591e-05 4.5203391131024e-06 1.3914868165572e-05 0.99999425029815
2063 1.2236013174587e-05 1.4280182711907e-05 -5.1632892501994e-06 0.99997864709336
2149 0.99997874224093 4.3599342416584e-06 1.4560037450474e-05 2.3377873747954e-06
1234 -2.9110000064103e-05 0.99996852982976 1.6162030764041e-05 4.4418139538926e-05
104 5.4060427941041e-06 -2.9850646070251e-05 -4.4570966796817e-05 1.0000690155701
339 -5.4019138219357e-06 1.0000018846644 1.2843167717614e-05 -9.3259182680772e-06
784 1.0000059423679 2.332770590477e-05 -1.7452050356914e-05 -1.1818023445409e-05
8 0 -0 1 1.1102230246252e-16
526 6.3086507576028e-06 -3.1631772651689e-06 0.99998080024545 1.6054281058664e-05
1519 6.5762600240279e-07 -1.4623444983437e-06 -1.3530796964666e-06 1.0000021577982
14 1.0000036514309 -1.0241545867705e-05 -3.9999389970344e-06 1.0590053936665e-05
111 7.0430469546013e-06 -1.9047738785523e-06 0.99998640745786 8.4542690669265e-06
236 1.7700436456345e-05 6.58790556694e-06 -8.4319372887144e-06 0.99998414359527
2536 -1.282419453417e-05 -3.1659099159937e-06 1.537714303332e-05 1.0000006129614
208 1 -1.7295149549298e-15 -1.632343105218e-15 -4.4408920985006e-16
90 1.0000098503659 -4.3814936953283e-06 -6.979331921882e-06 1.5104597163029e-06
81 7.8524340814925e-06 0.99999939710979 -1.6685495980123e-05 9.4359521053411e-06
532 -0 0 1 0
181 7.9961160845367e-06 1.0000015029856 -9.5356502224845e-06 3.6548499227074e-08
9 -1.6866689634476e-06 1.0181645079155e-06 1.000000584504 8.4000459477096e-08
47 1.0000005327042 5.796432151226e-07 -1.1432752011187e-06 3.0927834626659e-08
981 0.99998408977779 1.3362192584227e-05 -1.2339270793705e-05 1.4887300422872e-05
765 -2.1450405171853e-15 2.0145407431362e-15 1.1682642509766e-15 1
68 -1.0158356530868e-05 -9.5872140525798e-06 1.7733070028664e-05 1.0000020125006
419 3.5814655883374e-06 8.3556728680855e-06 0.99999998365371 -1.1920792168496e-05
441 2.7696474312276e-06 -1.4734461662057e-05 -3.9047030842791e-06 1.0000158695173
2224 -3.9681148189849e-06 1.6224515624065e-05 -3.7623811807284e-06 0.99999150598038
1074 6.0427307286524e-08 -1.5912854444871e-06 8.8546049347264e-07 1.0000006453976
96 8.2885287391593e-06 1.0000023606755 8.3864119187344e-07 -1.148784544891e-05
96 8.2885287391593e-06 2.3606755179813e-06 1.0000008386412 -1.1487845449132e-05
332 1.9953064297261e-06 8.972874122043e-06 2.3752771654818e-06 0.99998665654228
1 1.0000096597554 -4.8288445833094e-06 6.47051453435e-06 -1.1301425330901e-05
355 -0 1 -0 -4.4408920985006e-16
654 3.3627814915157e-06 -2.4804789439899e-05 1.8243919644678e-05 1.0000031980883
89 -1.818935260835e-07 -1.3366351491168e-05 1.0000088666964 4.6815486536289e-06
1894 -2.57372071102e-15 -2.4269044059387e-15 1.9095025932317e-15 1
138 1 0 -0 -2.2204460492503e-16
125 1 0 -0 2.2204460492503e-16
526 6.3086507576028e-06 0.99999683682273 -1.9199754551e-05 1.6054281058664e-05
356 -6.2771308374772e-06 -7.8971188356495e-06 -3.4832228310569e-06 1.0000176574725
471 -6.2978310317663e-06 7.3093639194277e-06 1.0000185747283 -1.9586261152282e-05
586 -3.5396901444469e-15 1 2.1888186158993e-15 -3.3306690738755e-15
1194 -4.6776803391282e-15 -2.5855808321916e-15 -4.9340646658133e-15 1
40 -2.1796407733543e-06 -8.562872542948e-06 -6.5158129226579e-06 1.0000172583262
107 2.1135436279243e-07 9.5580922786439e-07 0.99999934931016 -5.1647375132191e-07
72 2.5849660067817e-06 1.6385323362952e-06 0.99999808287796 -2.3063763012754e-06
1267 2.5832321981288e-05 -5.1905298282204e-06 -7.723940666068e-06 0.99998708214851
257 -8.7365645780351e-06 1.0000210969622 2.3609067648446e-05 -3.596946522344e-05
2325 -7.8577342971318e-06 -1.0850692094995e-05 2.4656147989666e-06 1.0000162428116
300 3.282096748218e-06 1.2784354384735e-05 0.99997540768093 8.525867934428e-06
83 0.99996143914939 -5.0605819871413e-05 3.5919253417143e-05 5.3247417068358e-05
654 -7.3724958933834e-06 1.0000002338825 -5.0130471009997e-06 1.2151660544024e-05
2 3.0075693911556e-06 3.1803579465718e-06 0.99999559410918 -1.7820365223464e-06
264 -1.3199449502893e-05 -1.1330495222775e-06 1.0000257024887 -1.136998967266e-05
33 0.9999988996223 -9.3974641519582e-09 -9.4889698493374e-08 1.2046648603103e-06
54 5.6510745230214e-07 -7.9949908200717e-07 4.3616586022319e-08 1.000000190775
6 1.675395614674e-06 1.7403055871242e-06 -2.9464850766867e-06 0.99999953078387
39 1.26290268987e-06 0.99999348103405 5.964885396963e-07 4.6595747167366e-06
3 5.1695641541667e-06 1.0000009076645 -8.3996555014936e-06 2.3224268846933e-06
4 3.0931656219794e-07 1.0000001340436 -8.1152590138648e-07 3.6816569171094e-07
57 -1.1449283374737e-05 -1.4252520800301e-06 1.2855839429177e-05 1.000000018696
75 -1.3262866567308e-05 -6.4222938418445e-06 1.7880269998266e-05 1.0000018048904
5 -4.2491869262608e-07 -5.3972522036895e-06 0.99999977682529 6.0453456059983e-06
2 2.0175167774102e-06 1.0000004188608 -7.1294737155096e-07 -1.7234301656899e-06
17 5.3621035118575e-06 -1.1224424282838e-05 3.863383686982e-06 1.0000019989371
62 -6.2555805830289e-06 1.0000044775445 -1.5314801014321e-06 3.3095161998675e-06
3 -4.7949999968853e-06 -1.1828083625181e-06 9.4102691370007e-06 0.99999656753922
2 -4.0044691452485e-06 -5.5247853388676e-06 7.1188739722547e-06 1.0000024103805
19 -1.7790902958254e-05 4.6141910851628e-06 1.8699101802584e-05 0.99999447761007
28 2.8745500473771e-06 -1.9615150541686e-05 1.6481961390707e-05 1.0000002586391
0 -1.0643246098925e-05 1.0925943843472e-05 1.0372680591963e-06 0.9999986800342
21 -2.1081761377316e-06 -8.7877433118952e-06 1.0518633663574e-05 1.0000003772858
25 1.643933349231e-06 -6.9081091583559e-08 -1.6643631519076e-06 1.0000000895109
14 9.3115485887653e-06 3.0021779441541e-06 -1.4108064640634e-05 1.0000017943381
1 8.9643649652624e-07 -9.4158888465432e-06 -5.5869468069257e-06 1.0000141063992
78 1.8609678584367e-05 -1.1953231985572e-07 -1.6123228507112e-05 0.99999763308224
31 -1.1654199145665e-05 4.0252140327462e-06 3.8484385564809e-06 1.0000037805466
5 4.8118767210661e-07 -3.1074001954074e-07 -6.3466501218268e-07 1.0000004642174
53 -1.0603875701404e-06 -8.5150207163998e-06 4.3391130714015e-06 1.0000052362952
159 4.1298318208304e-06 9.9689405976446e-07 -4.0522847720345e-06 0.99999892555889
13 -2.5907326220039e-06 -2.1129818776517e-06 3.2807206227115e-06 1.0000014229939
16 -6.5929115445481e-07 -1.5920145583563e-08 2.6666849190199e-07 1.0000004085428
27 -5.0375747215041e-07 -1.0945012913914e-06 9.5559280601127e-07 1.000000642666
33 -1.9512983595592e-06 6.0738238420704e-07 3.1774548791745e-06 0.9999981664611
12 1.2574675068564e-05 -1.387299935683e-05 -9.1880881932852e-06 1.0000104864125
